    9084599,
    9256495,
    9819271,
    9819274,
    10022494,
    10216270,
    10400975,
    10506099,
    10669519,
    10680764,
    10982748,
    11053230,
    11160524,
    11163282,
    11222456,
    11239713,
    11313034,
    11600656,
    11673327,
    11796770,
    11834598,
    11931748,
    11958958,
    11960899,
    12077007,
    12077009,
    12077202,
    12091573,
    12099909,
    12122033,
    12364527,
    12379600,
    12388609,
    12427681,
    12429600,
    12574475,
    12574477,
    12589891,
    12595186,
    12611944,
    12663093,
    12667850,
    12679294,
    12716951,
    12725761,
    12738341,
    12812834,
    12814583,
    12880794,
    12880805,
    12880898,
    12953304,
    14527576,
    14574427,
    14597300,
    14642491,
    14654457,
    14683727,
    14686911,
    14741110,
    14980553,
    14980558,
    15006659,
    15006685,
    15009154,
    15010234,
    15050556,
    15050561,
    15050567,
    15050584,
    15050601,
    15083527,
    15110019,
    15110020,
    15110032,
    15128413,
    15142955,
    15163677,
    15166100,
    15182320,
    15195287,
    15219589,
    15238438,
    15275902,
    15275917,
    15275933,
    15297367,
    15313521,
    15325360,
    15381748,
    15385595,
    15449354,
    15456705,
    15486986,
    15504333,
    15543554,
    15563723,
    15563729,
    15607991,
    15652307,
    15734350,
    15746001,
    15808973,
    15820229,
    15820232,
    15852385,
    15858164,
    15862218,
    15864563,
    15901646,
    15922156,
    15926933,
    15947065,
    15950492,
    15953559,
    15955476,
    15958505,
    15965999,
    15990338,
    16029213,
    16034570,
    16054840,
    16055068,
    16084116,
    16213162,
    16216531,
    16221923,
    16246591,
    16246592,
    16246866,
    16280353,
    16284751,
    16298112,
    16306323,
    16337921,
    16339020,
    16339798,
    16380271,
    16400162,
    16406606,
    16418844,
    16421171,
    16443376,
    16460961,
    16463149,
    16466679,
    16473025,
    16473338,
    16488159,
    16506011,
    16516499,
    16525049,
    16530429,
    16540347,
    16571373,
    16597731,
    16624582,
    16631384,
    16644239,
    16702192,
    16723518,
    16733091,
    16738241,
    16738254,
    16767772,
    16777432,
    16797190,
    16798017,
    16859927,
    16863693,
    16863694,
    16889805,
    16928798,
    17060367,
    17064939,
    17071240,
    17080438,
    17089375,
    17094117,
    17112742,
    17133392,
    17192434,
    17202232,
    17274019,
    17275792,
    17290372,
    17298597,
    17328781,
    17331218,
    17337340,
    17367826,
    17372726,
    17389629,
    17397882,
    17412509,
    17448689,
    17468013,
    17487272,
    17490989,
    17498811,
    17499158,
    17499168,
    17499169,
    17499172,
    17524667,
    17532647,
    17548801,
    17553017,
    17554003,
    17561345,
    17575278,
    17587600,
    17596409,
    17596454,
    17600730,
    17616403,
    17652461,
    17652462,
    17670944,
    17717657,
    17822681,
    17898151,
    17913474,
    17919932,
    17962925,
    18023825,
    18064585,
    18079289,
    18083602,
    18093845,
    18165283,
    18281300,
    18316207,
    18325789,
    18339409,
    18350284,
    18358742,
    18359777,
    18387584,
    18387824,
    18394660,
    18413350,
    18420426,
    18445220,
    18448452,
    18448649,
    18450480,
    18472185,
    18486490,
    18509462,
    18510442,
    18511304,
    18567621,
    18567624,
    18588986,
    18592230,
    18617009,
    18632890,
    18672026,
    18674627,
    18696057,
    18718872,
    18765806,
    18786565,
    18823242,
    18930749,
    18950717,
    18952678,
    18972392,
    18976807,
    19059350,
    19072894,
    19083992,
    19109459,
    19135155,
    19139856,
    19139866,
    19162389,
    19214489,
    19234068,
    19261444,
    19264143,
    19288462,
    19302163,
    19303934,
    19321636,
    19350561,
    19369489,
    19422921,
    19428389,
    19428407,
    19428532,
    19439588,
    19450695,
    19453637,
    19455411,
    19494153,
    19515922,
    19523932,
    19527788,
    19558604,
    19576957,
    19595775,
    19686705,
    19703428,
    19703569,
    19716894,
    19745020,
    19781597,
    19782094,
    19799883,
    19833143,
    19837177,
    19850134,
    19853590,
    19853664,
    19874897,
    19920058,
    19925202,
    19945535,
    20004249,
    20026225,
    20044898,
    20060111,
    20080191,
    20082331,
    20084170,
    20092563,
    20092946,
    20171727,
    20338244,
    20356959,
    20359825,
    20362682,
    20375250,
    20398769,
    20419370,
    20463204,
    20465354,
    20502995,
    20510372,
    20554884,
    20561955,
    20570742,
    20619279,
    20627366,
    20630656,
    20660416,
    20669164,
    20674554,
    20681013,
    20696256,
    20728875,
    20740649,
    20797391,
    20801897,
    20826657,
    20828626,
    20836159,
    20868756,
    20937396,
    20943261,
    20974688,
    21076820,
    21081171,
    21126990,
    21179436,
    21179549,
    21295015,
    21305663,
    21330468,
    21364772,
    21369855,
    21376065,
    21391247,
    21391252,
    21391262,
    21396457,
    21414927,
    21432944,
    21471398,
    21515388,
    21515639,
    21519392,
    21520346,
    21572088,
    21591025,
    21613471,
    21621558,
    21640192,
    21655298,
    21664275,
    21689765,
    21692141,
    21739528,
    21741443,
    21753010,
    21762881,
    21763724,
    21763774,
    21826760,
    21826762,
    21862445,
    21871533,
    21907811,
    21928100,
    21933287,
    21933718,
    21957257,
    21959173,
    21963911,
    21963915,
    22024246,
    22038718,
    22039428,
    22040905,
    22047726,
    22073209,
    22114283,
    22155982,
    22188383,
    22205646,
    22216274,
    22230805,
    22270353,
    22285904,
    22289802,
    22345089,
    22429244,
    22429907,
    22437052,
    22445816,
    22457458,
    22465168,
    22465459,
    22476131,
    22480693,
    22484310,
    22499797,
    22504276,
    22524276,
    22564482,
    22584231,
    22608155,
    22609578,
    22611041,
    22623669,
    22634213,
    22681696,
    22698706,
    22705376,
    22719723,
    22732560,
    22759337,
    22795265,
    22796987,
    22815510,
    22819950,
    22885679,
    22902538,
    22906791,
    22911738,
    22982103,
    22995779,
    23044088,
    23056337,
    23108270,
    23110158,
    23142070,
    23145068,
    23183637,
    23201307,
    23228512,
    23277109,
    23277112,
    23297206,
    23365237,
    23365248,
    23395849,
    23461704,
    23468100,
    23515795,
    23576811,
    23581683,
    23608113,
    23704980,
    23720623,
    23727531,
    23732948,
    23756148,
    23770124,
    23805096,
    23811729,
    23812762,
    23813661,
    23861319,
    23867736,
    23869236,
    23881293,
    23908622,
    23920009,
    23973351,
    24015241,
    24027122,
    24038970,
    24062660,
    24125791,
    24167610,
    24205088,
    24205198,
    24312042,
    24373804,
    24408956,
    24440530,
    24449008,
    24452776,
    24466026,
    24513403,
    24523536,
    24532318,
    24561228,
    24575000,
    24632378,
    24647755,
    24661456,
    24663382,
    24700413,
    24718311,
    24718725,
    24728838,
    24776969,
    24795606,
    24800742,
    24849346,
    24887402,
    24960046,
    24966390,
    24979343,
    24981794,
    25034472,
    25068106,
    25071432,
    25148703,
    25161894,
    25194587,
    25209289,
    25261745,
    25300959,
    25309407,
    25389396,
    25390206,
    25392511,
    25438744,
    25446453,
    25463138,
    25511522,
    25566039,
    25595501,
    25603126,
    25627959,
    25632133,
    25676678,
    25698951,
    25757959,
    25818870,
    25828568,
    25913637,
    25926457,
    25956141,
    25995462,
    26026255,
    26082707,
    26085638,
    26089789
    9084599,
    9391021,
    9819271,
    10216270,
    10400972,
    10669519,
    10980036,
    11053230,
    11222456,
    11231095,
    11285015,
    11297824,
    11549616,
    11587893,
    11673327,
    11796770,
    11958958,
    12050089,
    12063136,
    12077009,
    12077202,
    12122033,
    12244080,
    12379604,
    12390981,
    12421659,
    12426034,
    12507947,
    12522194,
    12527103,
    12574475,
    12574485,
    12589891,
    12595186,
    12611944,
    12615644,
    12653987,
    12663093,
    12679294,
    12702705,
    12716951,
    12725768,
    12738341,
    12880805,
    12880898,
    12880912,
    12971903,
    14527579,
    14527589,
    14642475,
    14642491,
    14654457,
    14683727,
    14686911,
    14980558,
    14980562,
    15006685,
    15009154,
    15016102,
    15050556,
    15050561,
    15050567,
    15078569,
    15084494,
    15108303,
    15110018,
    15110019,
    15110020,
    15110735,
    15142955,
    15163677,
    15166100,
    15182320,
    15183385,
    15193621,
    15195287,
    15195289,
    15219606,
    15268927,
    15275933,
    15313521,
    15385595,
    15456705,
    15513929,
    15543554,
    15563729,
    15607991,
    15616133,
    15670705,
    15722209,
    15728741,
    15734345,
    15734349,
    15746001,
    15758195,
    15808973,
    15808995,
    15811551,
    15858164,
    15862218,
    15862230,
    15864563,
    15907299,
    15907302,
    15947065,
    15953559,
    15955476,
    15958505,
    15965999,
    16005247,
    16023041,
    16029213,
    16034570,
    16040108,
    16046149,
    16054840,
    16080162,
    16139806,
    16154456,
    16171833,
    16213162,
    16216531,
    16221599,
    16221923,
    16221928,
    16242924,
    16306323,
    16337706,
    16367791,
    16380271,
    16399678,
    16400162,
    16406606,
    16407540,
    16460961,
    16466679,
    16469446,
    16473025,
    16520330,
    16525049,
    16530429,
    16533501,
    16540574,
    16631384,
    16644239,
    16730755,
    16738254,
    16757183,
    16763044,
    16767772,
    16777432,
    16785427,
    16794848,
    16798015,
    16798017,
    16806986,
    16854945,
    16859927,
    16861008,
    16863693,
    16863694,
    16896984,
    16959501,
    17014871,
    17035046,
    17056278,
    17060367,
    17064939,
    17070707,
    17071240,
    17112742,
    17113672,
    17135464,
    17192434,
    17223579,
    17274019,
    17275792,
    17328781,
    17331218,
    17346989,
    17367826,
    17368575,
    17372726,
    17397882,
    17398117,
    17412509,
    17415782,
    17434917,
    17448452,
    17497631,
    17498811,
    17499160,
    17499166,
    17499168,
    17499169,
    17499172,
    17524667,
    17548801,
    17553017,
    17554003,
    17561345,
    17575278,
    17587600,
    17590354,
    17596409,
    17616403,
    17652462,
    17689268,
    17717657,
    17728263,
    17765211,
    17855604,
    17874333,
    17880929,
    17897405,
    17898151,
    17915262,
    17919932,
    17928317,
    17950623,
    17996854,
    18023825,
    18032565,
    18053745,
    18064585,
    18065722,
    18079289,
    18093845,
    18095277,
    18176625,
    18183378,
    18234509,
    18272874,
    18305258,
    18321924,
    18325789,
    18339409,
    18346831,
    18350284,
    18378467,
    18387824,
    18394660,
    18396063,
    18417364,
    18420428,
    18425505,
    18445220,
    18448452,
    18448649,
    18468692,
    18472185,
    18479943,
    18486490,
    18509462,
    18510442,
    18511304,
    18537112,
    18592230,
    18617009,
    18620906,
    18674627,
    18696057,
    18711707,
    18713781,
    18718872,
    18773963,
    18781590,
    18786565,
    18797855,
    18819106,
    18823249,
    18824236,
    18846222,
    18930749,
    18950717,
    18951984,
    18952678,
    18972392,
    18985130,
    18985133,
    18985141,
    19027762,
    19050764,
    19083992,
    19109986,
    19117276,
    19139856,
    19153150,
    19158299,
    19168663,
    19172643,
    19214489,
    19240137,
    19244522,
    19261444,
    19302163,
    19309295,
    19321636,
    19321652,
    19369489,
    19395524,
    19422921,
    19428407,
    19428532,
    19442869,
    19450657,
    19453637,
    19455411,
    19494153,
    19523524,
    19523932,
    19539035,
    19558604,
    19580392,
    19617291,
    19619662,
    19643118,
    19687293,
    19703428,
    19710382,
    19716894,
    19732838,
    19733670,
    19747900,
    19771159,
    19781597,
    19833143,
    19852951,
    19853664,
    19874897,
    19894039,
    19933580,
    19945535,
    19948224,
    19961833,
    20016001,
    20053347,
    20074647,
    20079443,
    20082331,
    20084170,
    20091792,
    20092946,
    20096269,
    20138900,
    20146609,
    20162604,
    20177767,
    20206641,
    20300627,
    20335485,
    20356959,
    20359825,
    20378581,
    20385153,
    20393055,
    20419370,
    20502888,
    20502995,
    20510372,
    20570741,
    20570742,
    20619279,
    20619827,
    20660416,
    20668196,
    20674554,
    20681013,
    20696256,
    20724032,
    20740649,
    20829245,
    20844129,
    20849234,
    20932912,
    20974158,
    20974688,
    21076820,
    21084453,
    21094525,
    21179436,
    21195191,
    21215762,
    21254798,
    21289179,
    21291959,
    21295015,
    21369855,
    21382559,
    21391247,
    21397699,
    21414927,
    21419144,
    21452936,
    21484948,
    21492980,
    21500314,
    21515639,
    21519392,
    21520346,
    21559468,
    21569800,
    21575660,
    21640136,
    21655298,
    21671733,
    21739528,
    21763774,
    21771663,
    21795615,
    21795627,
    21826760,
    21840405,
    21840409,
    21849560,
    21861674,
    21862445,
    21867758,
    21871571,
    21903460,
    21928100,
    21933287,
    21933718,
    21959173,
    21960969,
    21963911,
    22101493,
    22102260,
    22102437,
    22113948,
    22114191,
    22114283,
    22133748,
    22146753,
    22205646,
    22209784,
    22230805,
    22285904,
    22304628,
    22330101,
    22345089,
    22363406,
    22387605,
    22390464,
    22399779,
    22429244,
    22440652,
    22465168,
    22476131,
    22480693,
    22484310,
    22492047,
    22505995,
    22521252,
    22529797,
    22541026,
    22574285,
    22609578,
    22623669,
    22634213,
    22634854,
    22693639,
    22711692,
    22715326,
    22759337,
    22768085,
    22787032,
    22787035,
    22796994,
    22819950,
    22889940,
    22911738,
    22941501,
    22971086,
    22995779,
    23056337,
    23128080,
    23155450,
    23163413,
    23175677,
    23183637,
    23185300,
    23207574,
    23207575,
    23228512,
    23270876,
    23277112,
    23300524,
    23319043,
    23353696,
    23365248,
    23427116,
    23501047,
    23515795,
    23581683,
    23591073,
    23616340,
    23637982,
    23645718,
    23650536,
    23653602,
    23675819,
    23727531,
    23732948,
    23781195,
    23799005,
    23806137,
    23811729,
    23839488,
    23861319,
    23867736,
    23869236,
    23904213,
    23908615,
    23920009,
    23968839,
    24015241,
    24122137,
    24167610,
    24188808,
    24205088,
    24205198,
    24289090,
    24312042,
    24392906,
    24416229,
    24464944,
    24467888,
    24480476,
    24523536,
    24532318,
    24632378,
    24647755,
    24650596,
    24661456,
    24663382,
    24695723,
    24700413,
    24718725,
    24728838,
    24746497,
    24776969,
    24800742,
    24828652,
    24849346,
    24893741,
    24960046,
    24966390,
    25019676,
    25068106,
    25071505,
    25093278,
    25094016,
    25128710,
    25194587,
    25197013,
    25228872,
    25271440,
    25309407,
    25337918,
    25369523,
    25409934,
    25414038,
    25436668,
    25438744,
    25438976,
    25446453,
    25450315,
    25484863,
    25511522,
    25525808,
    25566039,
    25592998,
    25613405,
    25632133,
    25642386,
    25757959,
    25762672,
    25818870,
    25844307,
    25926457,
    26003489,
    26026255,
    26076024,
    26085638,
    26089789
